PWFO pwfo  |  2016-02-08 .. 2026-02-27  |  525 OOS periods  |  9 filters in this table
row 1 (SPEC §6.3): bootstrap avg 61.43, sd 96.96 over 5000 iterations; cost/trade 0.0153..0.0296; K = 13
  exact null moments (no sampling): mean 61.48, sd 97.60

               meyers2005          CL2        CL2 r   CL2 |mLTr| CL2 r |mLTr|          CL4        CL4 r   CL4 |mLTr| CL4 r |mLTr|
B toGP            38.1016     157.4711      62.2341      12.0235     154.9321     -51.7021     124.6554     -66.6214     -89.7823
C toNP           -45.8954     132.1133      37.6978     -26.6789     118.6857     -94.3103      84.4604    -143.1893    -160.9323
D aoGP             0.0726       0.2999       0.1185       0.0229       0.2951      -0.0985       0.2374      -0.1269      -0.1710
E aoTr            -0.0114       0.1093       0.0323      -0.0144       0.0689      -0.0460       0.0431      -0.0387      -0.0471
F ao#T             7.6686       2.3029       2.2248       3.5257       3.2819       3.9086       3.7314       7.0476       6.5029
G n_trd          516.0000     346.0000     348.0000     398.0000     386.0000     394.0000     397.0000     429.0000     433.0000
H std              4.5392       4.1519       3.8948       3.9874       3.9559       5.4961       4.4002       5.8814       5.8294
I skew             0.3306      -0.7194      -1.9694      -1.1082      -1.1982      -3.6493       0.6821      -4.6167      -4.7827
J kur              4.0968      33.9205      33.6004      18.8028      20.7322      51.3442       8.9780      69.3920      72.2660
K t               -0.4413       1.3887       0.4224      -0.2920       1.3094      -0.7489       0.8377      -1.0626      -1.2049
L oW|oL            1.3118       1.1819       1.1346       1.1167       1.1480       1.1568       1.2721       1.3582       1.3012
M %Wtr            42.8217      48.9661      47.7740      46.7855      48.7522      44.8343      45.4824      40.8378      41.6227
N %P              47.6190      33.7143      33.5238      39.2381      40.0000      36.3810      36.5714      38.0952      39.2381
O LLTr           -14.0960     -30.7775     -30.7775     -16.3859     -16.3859     -28.9985     -14.2062     -28.2709     -28.2709
P LLp            -21.3715     -43.2326     -43.2326     -37.4316     -37.4316     -69.7484     -22.2747     -81.4119     -81.4119
Q eqDD           -78.6724     -69.7948     -98.3086     -76.2473     -58.9048    -186.4416     -85.3015    -175.7494    -187.5388
R wpr              6.0000       5.0000       4.0000       5.0000       6.0000       9.0000       9.0000       7.0000       7.0000
S lpr              7.0000       5.0000       6.0000       5.0000       6.0000       7.0000       5.0000       5.0000       7.0000
T v20             -1.3163       0.1357       0.3331      -0.5458      -0.0441      -0.0248      -0.0968       0.5305      -0.2675
U KTau^2           4.1870      64.2597      58.9691      -7.7137      55.6893       5.0245      32.0629     -72.5574     -54.5472
V eqR2             1.2666      82.2201      62.5004       0.4087      68.5528       0.0370      49.3912      72.3615      47.2384
W Blw            231.0000     167.0000     115.0000     166.0000     110.0000     197.0000     287.0000     515.0000     483.0000
X BE                  inf       1149.0      12410.0          inf       1292.0          inf       3156.0          inf          inf
Y tkr|bl           0.0000       6.3858       0.1255       0.0000       3.8690       0.0000       0.4204       0.0000       0.0000
Z Prob             0.8644       0.2346       0.5963       0.8168       0.2789       0.9448       0.4069       0.9820       0.9887

z                  -1.100        0.724       -0.244       -0.903        0.586       -1.596        0.235       -2.097       -2.279
K*p               11.2368       3.0499       7.7513      10.6185       3.6255      12.2822       5.2899      12.7661      12.8526
1-(1-p)^K          1.0000       0.9691       1.0000       1.0000       0.9857       1.0000       0.9989       1.0000       1.0000

decision gate (PLAN §3 Unit 9) -- SPY 505.31/share, mu/sigma 0.1147
  meyers2005     sig/profit/beat-SPY nnn   K*p 1.0000   toNP -45.90   mu/sigma -0.0193
  CL2            sig/profit/beat-SPY nYn   K*p 0.9691   toNP +132.11   mu/sigma +0.0606
  CL2 r          sig/profit/beat-SPY nYn   K*p 1.0000   toNP +37.70   mu/sigma +0.0184
  CL2 |mLTr|     sig/profit/beat-SPY nnn   K*p 1.0000   toNP -26.68   mu/sigma -0.0127
  CL2 r |mLTr|   sig/profit/beat-SPY nYn   K*p 0.9857   toNP +118.69   mu/sigma +0.0571
  CL4            sig/profit/beat-SPY nnn   K*p 1.0000   toNP -94.31   mu/sigma -0.0327
  CL4 r          sig/profit/beat-SPY nYn   K*p 0.9989   toNP +84.46   mu/sigma +0.0366
  CL4 |mLTr|     sig/profit/beat-SPY nnn   K*p 1.0000   toNP -143.19   mu/sigma -0.0464
  CL4 r |mLTr|   sig/profit/beat-SPY nnn   K*p 1.0000   toNP -160.93   mu/sigma -0.0526

SPEC §6.4 Table 1 -- CL2

is_start    is_end      oos_start   oos_end           osnp      net$   ont      ownp  ownt      ollt       odd        EQ     NetEq   N    vup    vdn  rk_tie  pk_tie
2016-01-06  2016-02-05  2016-02-08  2016-02-12        0.25      0.22     2      0.59     1     -0.38     -0.38      0.25      0.22  11   2.25   2.00       2       1
2016-01-13  2016-02-12  2016-02-15  2016-02-19        0.00      0.00     0      0.00     0      0.00      0.00      0.25      0.22  12   2.75   3.50       2       1
2016-01-20  2016-02-19  2016-02-22  2016-02-26        0.00      0.00     0      0.00     0      0.00      0.00      0.25      0.22  12   2.50   3.50       6       1
2016-01-27  2016-02-26  2016-02-29  2016-03-04        0.00      0.00     0      0.00     0      0.00      0.00      0.25      0.22   5   2.50   2.50       4       1
2016-02-03  2016-03-04  2016-03-07  2016-03-11       -1.07     -1.13     4      0.29     1     -0.82     -1.43     -0.82     -0.91  15   1.00   2.25       3       2
2016-02-10  2016-03-11  2016-03-14  2016-03-18       -0.23     -0.25     1      0.00     0     -0.25     -0.25     -1.05     -1.16  15   2.25   2.00       9       1
2016-02-17  2016-03-18  2016-03-21  2016-03-25       -0.16     -0.18     1      0.00     0     -0.18     -0.18     -1.21     -1.33  10   2.00   1.75       5       1
2016-02-24  2016-03-25  2016-03-28  2016-04-01        2.46      2.43     2      2.43     2      0.00      0.00      1.25      1.10  14   2.25   1.50      17       1
2016-03-02  2016-04-01  2016-04-04  2016-04-08        2.62      2.53     6      3.49     5     -0.96     -0.96      3.88      3.63   3   2.50   2.75       9       2
2016-03-09  2016-04-08  2016-04-11  2016-04-15        1.07      1.04     2      1.04     2      0.00      0.00      4.95      4.67   4   2.25   3.25       7       2
2016-03-16  2016-04-15  2016-04-18  2016-04-22       -1.54     -1.57     2      0.00     0     -0.97     -1.57      3.41      3.10   9   3.50   2.25      17       2
2016-03-23  2016-04-22  2016-04-25  2016-04-29        0.22      0.19     2      0.69     1     -0.50     -0.50      3.64      3.29   7   3.00   2.25      11       3
2016-03-30  2016-04-29  2016-05-02  2016-05-06       -0.04     -0.06     1      0.00     0     -0.06     -0.06      3.59      3.23   5   2.50   2.50      15       2
2016-04-06  2016-05-06  2016-05-09  2016-05-13        1.60      1.47     8      2.68     4     -0.60     -1.07      5.19      4.70   8   1.75   1.25      12       1
2016-04-13  2016-05-13  2016-05-16  2016-05-20       -2.13     -2.17     3      0.00     0     -1.46     -2.17      3.06      2.53  18   2.50   3.00      32      25
2016-04-20  2016-05-20  2016-05-23  2016-05-27        0.28      0.25     2      0.57     1     -0.33     -0.33      3.34      2.78  23   1.75   3.25       2       2
2016-04-27  2016-05-27  2016-05-30  2016-06-03        0.00      0.00     0      0.00     0      0.00      0.00      3.34      2.78  19   2.50   3.25      20       3
2016-05-04  2016-06-03  2016-06-06  2016-06-10       -0.33     -0.36     2      0.21     1     -0.58     -0.58      3.01      2.41  11   1.25   3.00      20       2
2016-05-11  2016-06-10  2016-06-13  2016-06-17        0.70      0.55     9      3.22     4     -1.27     -1.73      3.71      2.97  18   1.00   1.25       9       1
2016-05-18  2016-06-17  2016-06-20  2016-06-24       -5.08     -5.11     2      0.00     0     -3.63     -5.11     -1.37     -2.15  21   2.50   2.50      17       2
2016-05-25  2016-06-24  2016-06-27  2016-07-01        0.60      0.57     2      0.76     1     -0.20     -0.20     -0.77     -1.58   9   2.50   3.50      14       3
2016-06-01  2016-07-01  2016-07-04  2016-07-08        2.85      2.79     4      3.05     3     -0.27     -0.27      2.08      1.21   5   0.75   3.25       5       1
2016-06-08  2016-07-08  2016-07-11  2016-07-15        0.00      0.00     0      0.00     0      0.00      0.00      2.08      1.21   4   3.25   3.50       5       2
2016-06-15  2016-07-15  2016-07-18  2016-07-22        0.00      0.00     0      0.00     0      0.00      0.00      2.08      1.21  17   2.00   2.00       2       5
2016-06-22  2016-07-22  2016-07-25  2016-07-29       -0.73     -0.77     3      0.00     0     -0.48     -0.77      1.35      0.43  20   2.00   1.50      30       7
2016-06-29  2016-07-29  2016-08-01  2016-08-05       -0.45     -0.50     3      0.11     1     -0.46     -0.50      0.90     -0.06   9   2.25   2.50       7       1
2016-07-06  2016-08-05  2016-08-08  2016-08-12        0.03     -0.04     4      0.52     1     -0.24     -0.37      0.93     -0.10   9   1.00   2.50       3       1
2016-07-13  2016-08-12  2016-08-15  2016-08-19        0.44      0.40     3      0.85     2     -0.46     -0.46      1.37      0.30  13   1.50   2.75       8       1
2016-07-20  2016-08-19  2016-08-22  2016-08-26        0.04     -0.02     4      0.59     2     -0.37     -0.61      1.42      0.28  13   1.50   2.75       6       1
2016-07-27  2016-08-26  2016-08-29  2016-09-02       -0.62     -0.65     2      0.19     1     -0.85     -0.85      0.80     -0.38   9   3.00   3.50      13       2
2016-08-03  2016-09-02  2016-09-05  2016-09-09       -0.85     -0.87     1      0.00     0     -0.87     -0.87     -0.05     -1.24   9   3.25   3.00      24       6
2016-08-10  2016-09-09  2016-09-12  2016-09-16        3.85      3.76     5      4.15     4     -0.39     -0.39      3.79      2.52   7   3.25   3.50       2       2
2016-08-17  2016-09-16  2016-09-19  2016-09-23        1.83      1.78     3      1.86     1     -0.07     -0.07      5.62      4.30   8   1.50   3.50      17       2
2016-08-24  2016-09-23  2016-09-26  2016-09-30        1.35      1.27     5      1.27     5      0.00      0.00      6.97      5.57   7   2.25   2.50      21       4
2016-08-31  2016-09-30  2016-10-03  2016-10-07       -0.00     -0.03     2      0.54     1     -0.58     -0.58      6.97      5.54   4   3.50   2.75      45       1
2016-09-07  2016-10-07  2016-10-10  2016-10-14        0.93      0.90     2      0.90     2      0.00      0.00      7.90      6.44   8   1.50   2.50      37       2
2016-09-14  2016-10-14  2016-10-17  2016-10-21       -0.77     -0.80     2      0.00     0     -0.79     -0.80      7.13      5.64   5   2.25   3.00       8       1
2016-09-21  2016-10-21  2016-10-24  2016-10-28       -1.32     -1.40     5      0.40     2     -0.87     -1.40      5.81      4.24   6   2.50   2.75      34       2
2016-09-28  2016-10-28  2016-10-31  2016-11-04        0.95      0.90     3      1.01     2     -0.11     -0.11      6.76      5.14   8   2.75   1.75       3       1
2016-10-05  2016-11-04  2016-11-07  2016-11-11        2.17      2.04     8      3.83     6     -1.11     -1.11      8.93      7.18   9   2.25   2.75      18       1
2016-10-12  2016-11-11  2016-11-14  2016-11-18        0.00      0.00     0      0.00     0      0.00      0.00      8.93      7.18   9   2.25   2.75      28       1
2016-10-19  2016-11-18  2016-11-21  2016-11-25        0.00      0.00     0      0.00     0      0.00      0.00      8.93      7.18   8   2.75   3.25      25       1
2016-10-26  2016-11-25  2016-11-28  2016-12-02        0.00      0.00     0      0.00     0      0.00      0.00      8.93      7.18   9   3.00   2.25       5       3
2016-11-02  2016-12-02  2016-12-05  2016-12-09        0.63      0.60     2      0.95     1     -0.36     -0.36      9.56      7.77  12   2.00   2.50      23       1
2016-11-09  2016-12-09  2016-12-12  2016-12-16        0.45      0.42     2      0.82     1     -0.41     -0.41     10.01      8.19  12   2.25   2.50       9       2
2016-11-16  2016-12-16  2016-12-19  2016-12-23        0.00      0.00     0      0.00     0      0.00      0.00     10.01      8.19   7   3.00   2.50      11       4
2016-11-23  2016-12-23  2016-12-26  2016-12-30        0.47      0.45     1      0.45     1      0.00      0.00     10.48      8.64   7   3.00   2.75      20       2
2016-11-30  2016-12-30  2017-01-02  2017-01-06       -0.66     -0.70     2      0.00     0     -0.63     -0.70      9.82      7.95   7   3.00   2.50       5       3
2016-12-07  2017-01-06  2017-01-09  2017-01-13       -1.58     -1.63     3      0.25     1     -1.26     -1.63      8.23      6.31   5   3.50   3.00      16       1
2016-12-14  2017-01-13  2017-01-16  2017-01-20        0.00      0.00     0      0.00     0      0.00      0.00      8.23      6.31   7   3.50   2.75       7       1
2016-12-21  2017-01-20  2017-01-23  2017-01-27        0.12      0.10     1      0.10     1      0.00      0.00      8.35      6.41   5   2.50   3.25      12       2
2016-12-28  2017-01-27  2017-01-30  2017-02-03       -0.99     -1.04     3      0.03     1     -0.87     -1.04      7.36      5.37   5   3.00   3.25       8       1
2017-01-04  2017-02-03  2017-02-06  2017-02-10        0.00      0.00     0      0.00     0      0.00      0.00      7.36      5.37   7   2.75   3.25       3       8
2017-01-11  2017-02-10  2017-02-13  2017-02-17       -0.42     -0.43     1      0.00     0     -0.43     -0.43      6.94      4.94   7   2.75   3.25       3       6
2017-01-18  2017-02-17  2017-02-20  2017-02-24        0.06      0.01     3      0.17     2     -0.17     -0.17      6.99      4.95  10   2.25   2.50       8       1
2017-01-25  2017-02-24  2017-02-27  2017-03-03        0.88      0.86     1      0.86     1      0.00      0.00      7.87      5.81  10   2.25   2.50       4       2
2017-02-01  2017-03-03  2017-03-06  2017-03-10       -0.82     -0.94     7      1.16     4     -0.84     -2.02      7.05      4.87   5   1.75   3.25       1       2
2017-02-08  2017-03-10  2017-03-13  2017-03-17        0.08      0.05     2      0.60     1     -0.56     -0.56      7.13      4.92  16   2.00   2.75       1       1
2017-02-15  2017-03-17  2017-03-20  2017-03-24        1.17      1.01    10      3.36     5     -1.14     -1.93      8.31      5.92   6   2.50   3.00       1       2
2017-02-22  2017-03-24  2017-03-27  2017-03-31        0.00      0.00     0      0.00     0      0.00      0.00      8.31      5.92  16   2.75   2.75      16      19
2017-03-01  2017-03-31  2017-04-03  2017-04-07       -1.67     -1.73     3      0.63     1     -1.43     -2.36      6.63      4.20  17   2.50   2.50      19      10
2017-03-08  2017-04-07  2017-04-10  2017-04-14       -1.62     -1.67     3      0.00     0     -0.94     -1.67      5.01      2.53   9   2.25   2.25       3       1
2017-03-15  2017-04-14  2017-04-17  2017-04-21        0.00      0.00     0      0.00     0      0.00      0.00      5.01      2.53  19   2.25   3.00       9       3
2017-03-22  2017-04-21  2017-04-24  2017-04-28        0.00      0.00     0      0.00     0      0.00      0.00      5.01      2.53  20   2.25   3.50       1       1
2017-03-29  2017-04-28  2017-05-01  2017-05-05        0.00      0.00     0      0.00     0      0.00      0.00      5.01      2.53  20   2.25   3.50       3       1
2017-04-05  2017-05-05  2017-05-08  2017-05-12        0.00      0.00     0      0.00     0      0.00      0.00      5.01      2.53  21   2.50   3.50      17       2
2017-04-12  2017-05-12  2017-05-15  2017-05-19       -2.04     -2.21    10      0.82     4     -1.01     -2.59      2.97      0.32   9   1.50   2.75       7       1
2017-04-19  2017-05-19  2017-05-22  2017-05-26        0.09      0.05     2      0.14     1     -0.09     -0.09      3.06      0.37   6   1.75   3.25      14       2
2017-04-26  2017-05-26  2017-05-29  2017-06-02       -0.03     -0.05     1      0.00     0     -0.05     -0.05      3.03      0.33   6   2.00   3.50       4       1
2017-05-03  2017-06-02  2017-06-05  2017-06-09       -0.96     -1.03     4      0.24     3     -1.27     -1.27      2.07     -0.70  10   1.75   3.00       1       2
2017-05-10  2017-06-09  2017-06-12  2017-06-16        0.39      0.32     4      0.75     3     -0.43     -0.43      2.46     -0.38   6   2.00   3.50      10       5
2017-05-17  2017-06-16  2017-06-19  2017-06-23       -0.20     -0.21     1      0.00     0     -0.21     -0.21      2.26     -0.59  10   3.00   3.00      41       1
2017-05-24  2017-06-23  2017-06-26  2017-06-30        1.12      1.08     2      1.27     1     -0.19     -0.19      3.38      0.49  15   3.00   2.75       3       6
2017-05-31  2017-06-30  2017-07-03  2017-07-07        0.00      0.00     0      0.00     0      0.00      0.00      3.38      0.49  24   2.25   2.50       1       1
2017-06-07  2017-07-07  2017-07-10  2017-07-14        0.00      0.00     0      0.00     0      0.00      0.00      3.38      0.49  13   2.25   3.25      27      23
2017-06-14  2017-07-14  2017-07-17  2017-07-21        0.00      0.00     0      0.00     0      0.00      0.00      3.38      0.49  17   2.25   2.50       1       3
2017-06-21  2017-07-21  2017-07-24  2017-07-28        0.01     -0.01     1      0.00     0     -0.01     -0.01      3.39      0.49  20   2.25   2.25       7       1
2017-06-28  2017-07-28  2017-07-31  2017-08-04       -0.86     -0.88     1      0.00     0     -0.88     -0.88      2.53     -0.39  10   1.75   2.75      21       1
2017-07-05  2017-08-04  2017-08-07  2017-08-11       -1.46     -1.58     7      0.61     4     -1.14     -1.76      1.07     -1.97  13   1.75   2.50       8       1
2017-07-12  2017-08-11  2017-08-14  2017-08-18       -3.38     -3.43     3      0.00     0     -2.54     -3.43     -2.31     -5.40  10   2.25   3.25      13       1
2017-07-19  2017-08-18  2017-08-21  2017-08-25        0.00      0.00     0      0.00     0      0.00      0.00     -2.31     -5.40  12   3.25   3.50      20       2
2017-07-26  2017-08-25  2017-08-28  2017-09-01        0.00      0.00     0      0.00     0      0.00      0.00     -2.31     -5.40  10   3.25   3.50       3      10
2017-08-02  2017-09-01  2017-09-04  2017-09-08       -0.23     -0.28     3      0.38     1     -0.41     -0.41     -2.54     -5.68  13   1.75   2.75       2       2
2017-08-09  2017-09-08  2017-09-11  2017-09-15        0.35      0.34     1      0.34     1      0.00      0.00     -2.18     -5.34  18   2.00   3.50       6       5
2017-08-16  2017-09-15  2017-09-18  2017-09-22        0.00      0.00     0      0.00     0      0.00      0.00     -2.18     -5.34  13   2.00   3.00       2       1
2017-08-23  2017-09-22  2017-09-25  2017-09-29       -0.71     -0.74     2      0.00     0     -0.73     -0.74     -2.89     -6.08  14   2.25   2.75       6       1
2017-08-30  2017-09-29  2017-10-02  2017-10-06        0.13      0.11     1      0.11     1      0.00      0.00     -2.77     -5.97  14   2.25   3.25      27       4
2017-09-06  2017-10-06  2017-10-09  2017-10-13        0.00      0.00     0      0.00     0      0.00      0.00     -2.77     -5.97  16   2.25   3.00       2       1
2017-09-13  2017-10-13  2017-10-16  2017-10-20        0.80      0.78     1      0.78     1      0.00      0.00     -1.97     -5.19   8   2.00   3.00       6       1
2017-09-20  2017-10-20  2017-10-23  2017-10-27        0.75      0.70     3      1.06     2     -0.35     -0.35     -1.21     -4.49   9   3.50   2.50      11       3
2017-09-27  2017-10-27  2017-10-30  2017-11-03       -0.04     -0.10     3      0.59     1     -0.54     -0.69     -1.26     -4.58   5   3.50   3.50       6       2
2017-10-04  2017-11-03  2017-11-06  2017-11-10        0.15      0.09     3      0.91     1     -0.81     -0.81     -1.11     -4.49  14   2.25   3.00      14       1
2017-10-11  2017-11-10  2017-11-13  2017-11-17        0.02     -0.05     4      0.50     1     -0.38     -0.55     -1.09     -4.54  14   1.75   2.75       7       1
2017-10-18  2017-11-17  2017-11-20  2017-11-24        0.00      0.00     0      0.00     0      0.00      0.00     -1.09     -4.54  14   2.50   3.25       7       1
2017-10-25  2017-11-24  2017-11-27  2017-12-01        1.21      1.14     4      2.23     3     -1.09     -1.09      0.12     -3.40  14   2.50   3.25       9       1
2017-11-01  2017-12-01  2017-12-04  2017-12-08       -3.13     -3.22     5      0.13     1     -1.69     -3.35     -3.01     -6.62  10   0.75   3.00      25       5
2017-11-08  2017-12-08  2017-12-11  2017-12-15        0.00      0.00     0      0.00     0      0.00      0.00     -3.01     -6.62  10   2.75   3.00      29       6
2017-11-15  2017-12-15  2017-12-18  2017-12-22        0.00      0.00     0      0.00     0      0.00      0.00     -3.01     -6.62  10   3.00   2.25      53       4
2017-11-22  2017-12-22  2017-12-25  2017-12-29        0.00      0.00     0      0.00     0      0.00      0.00     -3.01     -6.62  10   2.50   2.25      65      12
2017-11-29  2017-12-29  2018-01-01  2018-01-05        0.00      0.00     0      0.00     0      0.00      0.00     -3.01     -6.62  10   2.50   2.25      77      12
2017-12-06  2018-01-05  2018-01-08  2018-01-12       -2.01     -2.13     7      0.54     2     -1.19     -2.13     -5.02     -8.75  16   2.25   0.50       5       2
2017-12-13  2018-01-12  2018-01-15  2018-01-19        1.70      1.59     6      3.51     3     -0.77     -1.67     -3.32     -7.16  17   2.25   0.50       2       1
2017-12-20  2018-01-19  2018-01-22  2018-01-26        1.40      1.32     4      2.31     3     -0.99     -0.99     -1.93     -5.83   8   3.00   3.50      25       1
2017-12-27  2018-01-26  2018-01-29  2018-02-02       -0.12     -0.29     9      2.50     3     -1.31     -2.08     -2.05     -6.12   3   3.50   3.50      21       1
2018-01-03  2018-02-02  2018-02-05  2018-02-09        6.67      6.46    12     19.45     6     -4.46     -9.08      4.62      0.34  24   1.75   2.25      10       3
2018-01-10  2018-02-09  2018-02-12  2018-02-16        0.00      0.00     0      0.00     0      0.00      0.00      4.62      0.34   7   2.50   3.00      30       3
2018-01-17  2018-02-16  2018-02-19  2018-02-23        0.00      0.00     0      0.00     0      0.00      0.00      4.62      0.34   7   2.50   2.75       6       4
2018-01-24  2018-02-23  2018-02-26  2018-03-02       -0.11     -0.13     1      0.00     0     -0.13     -0.13      4.50      0.21   7   2.25   2.75       4       4
2018-01-31  2018-03-02  2018-03-05  2018-03-09        0.00      0.00     0      0.00     0      0.00      0.00      4.50      0.21   7   2.25   3.25       8       1
2018-02-07  2018-03-09  2018-03-12  2018-03-16        0.00      0.00     0      0.00     0      0.00      0.00      4.50      0.21   5   2.75   3.50       5       6
2018-02-14  2018-03-16  2018-03-19  2018-03-23        0.09      0.04     3      3.90     1     -3.61     -3.86      4.60      0.25   9   1.75   2.75       8       1
2018-02-21  2018-03-23  2018-03-26  2018-03-30       -1.45     -1.54     5      5.49     3     -6.00     -6.31      3.14     -1.30  18   1.50   3.25       8       2
2018-02-28  2018-03-30  2018-04-02  2018-04-06        8.12      8.01     6      8.01     6      0.00      0.00     11.26      6.71   4   3.00   3.25       8       2
2018-03-07  2018-04-06  2018-04-09  2018-04-13        0.00      0.00     0      0.00     0      0.00      0.00     11.26      6.71   9   2.25   2.25       7       1
2018-03-14  2018-04-13  2018-04-16  2018-04-20        0.00      0.00     0      0.00     0      0.00      0.00     11.26      6.71   4   2.75   3.00      14       2
2018-03-21  2018-04-20  2018-04-23  2018-04-27        0.00      0.00     0      0.00     0      0.00      0.00     11.26      6.71   4   2.75   3.00      12       2
2018-03-28  2018-04-27  2018-04-30  2018-05-04       -1.03     -1.06     2      0.64     1     -1.71     -1.71     10.23      5.65   7   2.50   2.50       1       6
2018-04-04  2018-05-04  2018-05-07  2018-05-11        0.00      0.00     0      0.00     0      0.00      0.00     10.23      5.65   7   2.25   3.50       7       1
2018-04-11  2018-05-11  2018-05-14  2018-05-18        0.00      0.00     0      0.00     0      0.00      0.00     10.23      5.65  14   2.00   1.75       4       6
2018-04-18  2018-05-18  2018-05-21  2018-05-25       -1.08     -1.10     1      0.00     0     -1.10     -1.10      9.15      4.55  19   2.25   1.50      13       2
2018-04-25  2018-05-25  2018-05-28  2018-06-01       -3.29     -3.33     2      0.00     0     -1.92     -3.33      5.86      1.23   4   2.50   3.25       8       2
2018-05-02  2018-06-01  2018-06-04  2018-06-08        0.00      0.00     0      0.00     0      0.00      0.00      5.86      1.23   4   2.75   3.25      14       2
2018-05-09  2018-06-08  2018-06-11  2018-06-15       -0.44     -0.46     1      0.00     0     -0.46     -0.46      5.42      0.77   5   3.00   3.50       7       5
2018-05-16  2018-06-15  2018-06-18  2018-06-22        0.99      0.95     2      0.95     2      0.00      0.00      6.40      1.72   6   2.75   3.00       6       9
2018-05-23  2018-06-22  2018-06-25  2018-06-29       -1.60     -1.76     9      2.67     4     -1.34     -4.20      4.80     -0.05   5   2.50   3.50      15       1
2018-05-30  2018-06-29  2018-07-02  2018-07-06        0.00      0.00     0      0.00     0      0.00      0.00      4.80     -0.05   8   3.00   3.25      18       3
2018-06-06  2018-07-06  2018-07-09  2018-07-13        0.71      0.69     1      0.69     1      0.00      0.00      5.51      0.65   8   1.75   2.50      12       1
2018-06-13  2018-07-13  2018-07-16  2018-07-20        0.00      0.00     0      0.00     0      0.00      0.00      5.51      0.65   8   1.75   2.50      11       1
2018-06-20  2018-07-20  2018-07-23  2018-07-27        0.14      0.13     1      0.13     1      0.00      0.00      5.66      0.77   6   2.50   3.25      11       5
2018-06-27  2018-07-27  2018-07-30  2018-08-03        1.56      1.52     2      1.84     1     -0.32     -0.32      7.22      2.30  16   2.50   2.00       3       2
2018-07-04  2018-08-03  2018-08-06  2018-08-10       -0.45     -0.49     2      0.00     0     -0.30     -0.49      6.77      1.81   7   2.75   2.00       6       4
2018-07-11  2018-08-10  2018-08-13  2018-08-17       -0.66     -0.79     7      2.35     3     -1.60     -2.33      6.10      1.03  14   2.25   0.50      34       2
2018-07-18  2018-08-17  2018-08-20  2018-08-24        0.18      0.16     1      0.16     1      0.00      0.00      6.28      1.19  16   1.75   1.75       4       1
2018-07-25  2018-08-24  2018-08-27  2018-08-31       -0.89     -0.98     5      0.99     2     -1.18     -1.92      5.39      0.20  16   1.75   1.75       3       1
2018-08-01  2018-08-31  2018-09-03  2018-09-07       -2.81     -2.90     5      0.00     0     -0.80     -2.90      2.58     -2.69  21   1.75   1.50      15       1
2018-08-08  2018-09-07  2018-09-10  2018-09-14       -1.38     -1.57    10      1.87     3     -0.98     -2.98      1.20     -4.26  13   0.50   2.00       6       1
2018-08-15  2018-09-14  2018-09-17  2018-09-21        0.00      0.00     0      0.00     0      0.00      0.00      1.20     -4.26   7   3.25   3.00      11       1
2018-08-22  2018-09-21  2018-09-24  2018-09-28        0.68      0.67     1      0.67     1      0.00      0.00      1.88     -3.59   7   3.50   3.25       3       1
2018-08-29  2018-09-28  2018-10-01  2018-10-05       -0.38     -0.42     2      0.27     1     -0.69     -0.69      1.50     -4.01  19   2.25   3.50       8       1
2018-09-05  2018-10-05  2018-10-08  2018-10-12        1.06      0.89     9      7.13     4     -2.49     -5.21      2.56     -3.12  13   2.75   3.25      14       4
2018-09-12  2018-10-12  2018-10-15  2018-10-19        0.94      0.90     2      1.01     1     -0.11     -0.11      3.50     -2.21  13   2.50   2.75      19      17
2018-09-19  2018-10-19  2018-10-22  2018-10-26       -1.46     -1.55     5      3.27     3     -4.03     -4.03      2.04     -3.76   8   3.50   3.25      18       1
2018-09-26  2018-10-26  2018-10-29  2018-11-02       -0.70     -0.72     1      0.00     0     -0.72     -0.72      1.34     -4.49   8   3.00   3.25      11       2
2018-10-03  2018-11-02  2018-11-05  2018-11-09        0.00      0.00     0      0.00     0      0.00      0.00      1.34     -4.49  13   2.75   3.00      19       3
2018-10-10  2018-11-09  2018-11-12  2018-11-16        0.00      0.00     0      0.00     0      0.00      0.00      1.34     -4.49  13   2.75   3.00      19       3
2018-10-17  2018-11-16  2018-11-19  2018-11-23        0.00      0.00     0      0.00     0      0.00      0.00      1.34     -4.49  13   2.50   2.75       8      10
2018-10-24  2018-11-23  2018-11-26  2018-11-30        2.03      2.02     1      2.02     1      0.00      0.00      3.37     -2.47  13   2.75   3.00      13       5
2018-10-31  2018-11-30  2018-12-03  2018-12-07        3.35      3.20     9      9.91     5     -3.08     -6.22      6.73      0.73   9   2.75   1.50      15       1
2018-11-07  2018-12-07  2018-12-10  2018-12-14        0.07     -0.00     4      2.26     2     -1.71     -1.71      6.79      0.72  18   1.25   2.00       5       2
2018-11-14  2018-12-14  2018-12-17  2018-12-21        0.57      0.55     1      0.55     1      0.00      0.00      7.36      1.28  18   2.00   3.50      12      14
2018-11-21  2018-12-21  2018-12-24  2018-12-28       -4.99     -5.06     4      5.07     3    -10.13    -10.13      2.37     -3.79   5   3.50   2.50      16       1
2018-11-28  2018-12-28  2018-12-31  2019-01-04       -1.49     -1.60     6      2.70     2     -1.66     -4.30      0.88     -5.38   3   2.75   1.50      27       1
2018-12-05  2019-01-04  2019-01-07  2019-01-11        0.00      0.00     0      0.00     0      0.00      0.00      0.88     -5.38   8   3.50   2.75      21       1
2018-12-12  2019-01-11  2019-01-14  2019-01-18        0.00      0.00     0      0.00     0      0.00      0.00      0.88     -5.38   4   3.25   3.00      17       2
2018-12-19  2019-01-18  2019-01-21  2019-01-25        0.00      0.00     0      0.00     0      0.00      0.00      0.88     -5.38  18   2.75   1.75       7       1
2018-12-26  2019-01-25  2019-01-28  2019-02-01        0.00      0.00     0      0.00     0      0.00      0.00      0.88     -5.38  21   2.75   2.00      43       1
2019-01-02  2019-02-01  2019-02-04  2019-02-08        0.00      0.00     0      0.00     0      0.00      0.00      0.88     -5.38  18   2.00   3.50      66       3
2019-01-09  2019-02-08  2019-02-11  2019-02-15        0.00      0.00     0      0.00     0      0.00      0.00      0.88     -5.38  21   2.50   3.00       3      15
2019-01-16  2019-02-15  2019-02-18  2019-02-22        0.00      0.00     0      0.00     0      0.00      0.00      0.88     -5.38  21   2.75   3.00       8       6
2019-01-23  2019-02-22  2019-02-25  2019-03-01        0.00      0.00     0      0.00     0      0.00      0.00      0.88     -5.38  23   3.00   2.00      15       5
2019-01-30  2019-03-01  2019-03-04  2019-03-08       -0.76     -0.79     2      0.00     0     -0.69     -0.79      0.12     -6.17  23   3.25   3.50      10       1
2019-02-06  2019-03-08  2019-03-11  2019-03-15        0.00      0.00     0      0.00     0      0.00      0.00      0.12     -6.17   4   3.25   3.25      24       2
2019-02-13  2019-03-15  2019-03-18  2019-03-22        2.93      2.86     4      3.60     3     -0.74     -0.74      3.06     -3.31   4   3.50   3.50       2       1
2019-02-20  2019-03-22  2019-03-25  2019-03-29       -2.17     -2.22     3      0.00     0     -1.56     -2.22      0.89     -5.53  18   2.00   2.50      13      15
2019-02-27  2019-03-29  2019-04-01  2019-04-05        0.00      0.00     0      0.00     0      0.00      0.00      0.89     -5.53  11   3.25   2.50      27       3
2019-03-06  2019-04-05  2019-04-08  2019-04-12        0.00      0.00     0      0.00     0      0.00      0.00      0.89     -5.53  12   2.75   2.50       6       4
2019-03-13  2019-04-12  2019-04-15  2019-04-19       -0.08     -0.10     1      0.00     0     -0.10     -0.10      0.80     -5.64  12   3.00   2.75       6       3
2019-03-20  2019-04-19  2019-04-22  2019-04-26       -0.14     -0.15     1      0.00     0     -0.15     -0.15      0.67     -5.79   7   2.25   2.75      35       3
2019-03-27  2019-04-26  2019-04-29  2019-05-03        0.98      0.92     3      1.59     2     -0.66     -0.66      1.65     -4.87  19   2.00   2.50      17       1
2019-04-03  2019-05-03  2019-05-06  2019-05-10        4.26      4.15     6      7.48     4     -2.27     -2.27      5.91     -0.71  23   1.75   2.50       2       1
2019-04-10  2019-05-10  2019-05-13  2019-05-17       -3.82     -3.97     8      1.84     3     -1.97     -4.20      2.09     -4.68  10   1.00   2.75       9       1
2019-04-17  2019-05-17  2019-05-20  2019-05-24       -1.23     -1.30     4      0.00     0     -0.46     -1.30      0.86     -5.98  10   1.00   2.50       1       2
2019-04-24  2019-05-24  2019-05-27  2019-05-31        0.00      0.00     0      0.00     0      0.00      0.00      0.86     -5.98  12   3.00   3.50       5       1
2019-05-01  2019-05-31  2019-06-03  2019-06-07       -2.42     -2.44     1      0.00     0     -2.44     -2.44     -1.56     -8.42  11   2.75   3.00      10       1
2019-05-08  2019-06-07  2019-06-10  2019-06-14        0.00      0.00     0      0.00     0      0.00      0.00     -1.56     -8.42   6   3.25   3.00      16       6
2019-05-15  2019-06-14  2019-06-17  2019-06-21       -0.96     -0.98     1      0.00     0     -0.98     -0.98     -2.52     -9.40  11   3.25   2.25      13       3
2019-05-22  2019-06-21  2019-06-24  2019-06-28        0.00      0.00     0      0.00     0      0.00      0.00     -2.52     -9.40  14   3.25   2.50       5       4
2019-05-29  2019-06-28  2019-07-01  2019-07-05       -2.65     -2.71     3      0.03     1     -1.57     -2.74     -5.18    -12.11   6   3.50   1.75       9       2
2019-06-05  2019-07-05  2019-07-08  2019-07-12        0.00      0.00     0      0.00     0      0.00      0.00     -5.18    -12.11   9   2.75   2.50       2       1
2019-06-12  2019-07-12  2019-07-15  2019-07-19        0.04      0.02     1      0.02     1      0.00      0.00     -5.14    -12.09   9   2.50   2.75       3       1
2019-06-19  2019-07-19  2019-07-22  2019-07-26        0.00      0.00     0      0.00     0      0.00      0.00     -5.14    -12.09   9   3.00   2.75      14       2
2019-06-26  2019-07-26  2019-07-29  2019-08-02      -11.66    -11.83     9      0.06     1     -5.61    -11.89    -16.81    -23.92  14   2.00   2.25       7       1
2019-07-03  2019-08-02  2019-08-05  2019-08-09        1.01      0.93     4      3.18     1     -1.85     -2.25    -15.80    -22.99   9   3.00   3.50      20       7
2019-07-10  2019-08-09  2019-08-12  2019-08-16       -0.73     -0.80     4      1.49     2     -1.33     -2.29    -16.53    -23.79  10   2.25   3.00       7       1
2019-07-17  2019-08-16  2019-08-19  2019-08-23        2.80      2.77     2      5.20     1     -2.43     -2.43    -13.72    -21.02  10   1.75   2.50      23       1
2019-07-24  2019-08-23  2019-08-26  2019-08-30       -0.94     -0.96     1      0.00     0     -0.96     -0.96    -14.66    -21.98   8   2.50   2.25       9       4
2019-07-31  2019-08-30  2019-09-02  2019-09-06        0.00      0.00     0      0.00     0      0.00      0.00    -14.66    -21.98   8   2.00   2.50       6       1
2019-08-07  2019-09-06  2019-09-09  2019-09-13        0.00      0.00     0      0.00     0      0.00      0.00    -14.66    -21.98   9   2.25   3.00      15      23
2019-08-14  2019-09-13  2019-09-16  2019-09-20        0.10      0.08     1      0.08     1      0.00      0.00    -14.56    -21.90  11   2.50   3.50       3       1
2019-08-21  2019-09-20  2019-09-23  2019-09-27        1.10      1.01     5      2.82     3     -0.92     -0.92    -13.46    -20.89   4   2.50   2.75      10       4
2019-08-28  2019-09-27  2019-09-30  2019-10-04        1.04      0.95     5      3.71     3     -1.56     -1.78    -12.42    -19.95   8   3.00   2.50       3       3
2019-09-04  2019-10-04  2019-10-07  2019-10-11        0.00      0.00     0      0.00     0      0.00      0.00    -12.42    -19.95   9   2.75   3.00      10       1
2019-09-11  2019-10-11  2019-10-14  2019-10-18        0.00      0.00     0      0.00     0      0.00      0.00    -12.42    -19.95   9   3.50   2.75      12       1
2019-09-18  2019-10-18  2019-10-21  2019-10-25        0.00      0.00     0      0.00     0      0.00      0.00    -12.42    -19.95   9   3.25   2.75      15       2
2019-09-25  2019-10-25  2019-10-28  2019-11-01        0.00      0.00     0      0.00     0      0.00      0.00    -12.42    -19.95   5   3.50   3.00       2       1
2019-10-02  2019-11-01  2019-11-04  2019-11-08        0.00      0.00     0      0.00     0      0.00      0.00    -12.42    -19.95   6   3.25   3.00       2      18
2019-10-09  2019-11-08  2019-11-11  2019-11-15       -1.65     -1.68     2      0.00     0     -1.23     -1.68    -14.07    -21.63  19   1.75   1.75       4       4
2019-10-16  2019-11-15  2019-11-18  2019-11-22        0.18     -0.01    10      1.92     7     -1.41     -1.50    -13.89    -21.64   7   1.00   1.75       9       2
2019-10-23  2019-11-22  2019-11-25  2019-11-29        0.00      0.00     0      0.00     0      0.00      0.00    -13.89    -21.64   5   2.00   3.50       8       1
2019-10-30  2019-11-29  2019-12-02  2019-12-06        1.66      1.62     2      1.62     2      0.00      0.00    -12.23    -20.01   8   2.25   3.50       1       1
2019-11-06  2019-12-06  2019-12-09  2019-12-13       -4.77     -4.93     8      0.81     2     -1.60     -4.93    -17.01    -24.94  23   1.25   2.75      16       4
2019-11-13  2019-12-13  2019-12-16  2019-12-20        0.37      0.35     1      0.35     1      0.00      0.00    -16.64    -24.59  18   1.50   2.50      13       1
2019-11-20  2019-12-20  2019-12-23  2019-12-27        0.00      0.00     0      0.00     0      0.00      0.00    -16.64    -24.59   9   2.50   3.50       5       1
2019-11-27  2019-12-27  2019-12-30  2020-01-03       -1.67     -1.69     1      0.00     0     -1.69     -1.69    -18.31    -26.28   5   2.75   2.75       1       2
2019-12-04  2020-01-03  2020-01-06  2020-01-10       -0.49     -0.51     1      0.00     0     -0.51     -0.51    -18.80    -26.79   8   2.75   3.00       6       3
2019-12-11  2020-01-10  2020-01-13  2020-01-17       -1.45     -1.48     2      0.00     0     -0.79     -1.48    -20.24    -28.27   9   2.00   3.50      21       1
2019-12-18  2020-01-17  2020-01-20  2020-01-24        3.71      3.61     5      3.74     3     -0.09     -0.09    -16.54    -24.66  21   1.25   2.25       5       1
2019-12-25  2020-01-24  2020-01-27  2020-01-31        0.09     -0.08     9      3.79     3     -0.98     -1.71    -16.45    -24.74   5   2.25   3.50       8       1
2020-01-01  2020-01-31  2020-02-03  2020-02-07       -2.04     -2.10     3      0.00     0     -1.74     -2.10    -18.49    -26.84  20   3.00   1.50       4       7
2020-01-08  2020-02-07  2020-02-10  2020-02-14        0.00      0.00     0      0.00     0      0.00      0.00    -18.49    -26.84  24   3.00   2.00      14       1
2020-01-15  2020-02-14  2020-02-17  2020-02-21       -2.25     -2.31     3      0.39     1     -1.75     -2.70    -20.74    -29.15  24   3.00   1.00       4       1
2020-01-22  2020-02-21  2020-02-24  2020-02-28       -1.38     -2.00    32     23.68    14     -3.63     -7.82    -22.12    -31.16   5   2.50   3.25      17       4
2020-01-29  2020-02-28  2020-03-02  2020-03-06        6.07      5.88    10     16.88     6     -5.16     -5.63    -16.05    -25.28   7   3.25   2.75       3       4
2020-02-05  2020-03-06  2020-03-09  2020-03-13        9.71      9.56     8     25.85     4     -5.80     -9.81     -6.34    -15.72  16   1.25   3.00       2       1
2020-02-12  2020-03-13  2020-03-16  2020-03-20       33.78     33.63     8     35.25     5     -1.31     -1.55     27.44     17.91   7   2.50   2.50      13       2
2020-02-19  2020-03-20  2020-03-23  2020-03-27       -8.15     -8.17     1      0.00     0     -8.17     -8.17     19.29      9.74   8   3.25   3.00       4       1
2020-02-26  2020-03-27  2020-03-30  2020-04-03        0.00      0.00     0      0.00     0      0.00      0.00     19.29      9.74   9   2.00   2.75       1       4
2020-03-04  2020-04-03  2020-04-06  2020-04-10        0.00      0.00     0      0.00     0      0.00      0.00     19.29      9.74   8   2.25   3.00       2       4
2020-03-11  2020-04-10  2020-04-13  2020-04-17        0.00      0.00     0      0.00     0      0.00      0.00     19.29      9.74   6   3.25   2.75       5       1
2020-03-18  2020-04-17  2020-04-20  2020-04-24        0.00      0.00     0      0.00     0      0.00      0.00     19.29      9.74  22   1.00   2.00       1       1
2020-03-25  2020-04-24  2020-04-27  2020-05-01        0.00      0.00     0      0.00     0      0.00      0.00     19.29      9.74  16   1.75   2.25      13       1
2020-04-01  2020-05-01  2020-05-04  2020-05-08        0.00      0.00     0      0.00     0      0.00      0.00     19.29      9.74   4   3.25   3.50       6      22
2020-04-08  2020-05-08  2020-05-11  2020-05-15       10.13     10.06     4     10.06     4      0.00      0.00     29.42     19.80   7   2.00   2.25       6       1
2020-04-15  2020-05-15  2020-05-18  2020-05-22        0.00      0.00     0      0.00     0      0.00      0.00     29.42     19.80   8   2.75   2.50       2       7
2020-04-22  2020-05-22  2020-05-25  2020-05-29        2.34      2.29     3      4.76     2     -2.48     -2.48     31.76     22.09   3   3.00   3.50      32       3
2020-04-29  2020-05-29  2020-06-01  2020-06-05        0.00      0.00     0      0.00     0      0.00      0.00     31.76     22.09  11   3.00   2.25       6       1
2020-05-06  2020-06-05  2020-06-08  2020-06-12        8.30      8.25     3      8.87     2     -0.62     -0.62     40.07     30.34  20   3.50   1.50       8       1
2020-05-13  2020-06-12  2020-06-15  2020-06-19        0.51      0.43     4      4.11     1     -1.33     -3.68     40.57     30.77   6   2.75   3.50      34       6
2020-05-20  2020-06-19  2020-06-22  2020-06-26        9.07      9.00     4      9.00     4      0.00      0.00     49.64     39.76  10   2.00   3.25       2       4
2020-05-27  2020-06-26  2020-06-29  2020-07-03        2.19      2.17     1      2.17     1      0.00      0.00     51.83     41.93   9   2.00   3.50       2       8
2020-06-03  2020-07-03  2020-07-06  2020-07-10        0.00      0.00     0      0.00     0      0.00      0.00     51.83     41.93   9   2.00   3.50       2       6
2020-06-10  2020-07-10  2020-07-13  2020-07-17        4.48      4.46     1      4.46     1      0.00      0.00     56.31     46.40   9   2.00   3.50       5       2
2020-06-17  2020-07-17  2020-07-20  2020-07-24        2.00      1.98     1      1.98     1      0.00      0.00     58.31     48.38  16   1.75   3.25       2       2
2020-06-24  2020-07-24  2020-07-27  2020-07-31        2.64      2.60     2      2.60     2      0.00      0.00     60.95     50.97  19   1.25   3.25       5       1
2020-07-01  2020-07-31  2020-08-03  2020-08-07        0.00      0.00     0      0.00     0      0.00      0.00     60.95     50.97   7   2.25   2.75       1       2
2020-07-08  2020-08-07  2020-08-10  2020-08-14        0.36      0.34     1      0.34     1      0.00      0.00     61.31     51.31  21   1.00   3.50       8       1
2020-07-15  2020-08-14  2020-08-17  2020-08-21        0.00      0.00     0      0.00     0      0.00      0.00     61.31     51.31   8   2.75   3.25      10       2
2020-07-22  2020-08-21  2020-08-24  2020-08-28       -4.46     -4.54     4      0.68     1     -2.83     -5.22     56.85     46.78  24   1.50   1.75      17       1
2020-07-29  2020-08-28  2020-08-31  2020-09-04        9.66      9.58     4      9.76     3     -0.18     -0.18     66.50     56.36  22   1.75   3.00       9       3
2020-08-05  2020-09-04  2020-09-07  2020-09-11       -7.54     -7.72     9      4.65     4     -4.56    -10.12     58.97     48.64  12   1.50   2.25       4       3
2020-08-12  2020-09-11  2020-09-14  2020-09-18       -2.21     -2.23     1      0.00     0     -2.23     -2.23     56.76     46.41   7   2.50   2.50      12       1
2020-08-19  2020-09-18  2020-09-21  2020-09-25       -0.27     -0.29     1      0.00     0     -0.29     -0.29     56.49     46.12   9   2.75   3.50      16       1
2020-08-26  2020-09-25  2020-09-28  2020-10-02       -2.02     -2.06     2      0.00     0     -1.56     -2.06     54.46     44.06  10   2.00   2.25      17       1
2020-09-02  2020-10-02  2020-10-05  2020-10-09       -4.55     -4.61     3      1.47     1     -5.48     -6.07     49.91     39.45  24   0.75   2.75       8       4
2020-09-09  2020-10-09  2020-10-12  2020-10-16        0.00      0.00     0      0.00     0      0.00      0.00     49.91     39.45  19   3.00   2.50       2       3
2020-09-16  2020-10-16  2020-10-19  2020-10-23        0.00      0.00     0      0.00     0      0.00      0.00     49.91     39.45  20   3.25   2.75       1       6
2020-09-23  2020-10-23  2020-10-26  2020-10-30        2.39      2.33     3      2.48     2     -0.15     -0.15     52.30     41.78  21   3.25   2.75       4      15
2020-09-30  2020-10-30  2020-11-02  2020-11-06        2.49      2.45     2      2.45     2      0.00      0.00     54.79     44.23   6   2.75   3.00      11       3
2020-10-07  2020-11-06  2020-11-09  2020-11-13        0.29      0.21     4      4.41     2     -3.04     -4.20     55.08     44.44  14   1.75   1.25       5       1
2020-10-14  2020-11-13  2020-11-16  2020-11-20        0.00      0.00     0      0.00     0      0.00      0.00     55.08     44.44   8   2.00   2.75       8       1
2020-10-21  2020-11-20  2020-11-23  2020-11-27        0.00      0.00     0      0.00     0      0.00      0.00     55.08     44.44   8   2.00   3.00       7       1
2020-10-28  2020-11-27  2020-11-30  2020-12-04        0.00      0.00     0      0.00     0      0.00      0.00     55.08     44.44  12   2.00   3.25       3       2
2020-11-04  2020-12-04  2020-12-07  2020-12-11        0.00      0.00     0      0.00     0      0.00      0.00     55.08     44.44   8   2.50   3.25       3       2
2020-11-11  2020-12-11  2020-12-14  2020-12-18        1.04      0.96     4      2.11     3     -1.15     -1.15     56.12     45.40   7   1.25   3.50       5       1
2020-11-18  2020-12-18  2020-12-21  2020-12-25       -0.15     -0.25     5      2.91     1     -1.59     -2.23     55.97     45.14   9   1.25   2.00       5       1
2020-11-25  2020-12-25  2020-12-28  2021-01-01        0.00      0.00     0      0.00     0      0.00      0.00     55.97     45.14  22   2.00   2.50       9       1
2020-12-02  2021-01-01  2021-01-04  2021-01-08        8.08      7.96     6      8.58     5     -0.62     -0.62     64.04     53.10  16   2.00   3.50      56       2
2020-12-09  2021-01-08  2021-01-11  2021-01-15       -1.35     -1.46     5      1.38     2     -1.44     -2.46     62.69     51.64  13   1.00   3.25      13       1
2020-12-16  2021-01-15  2021-01-18  2021-01-22        2.05      1.96     4      2.21     2     -0.22     -0.25     64.74     53.61  12   1.00   3.50      20       1
2020-12-23  2021-01-22  2021-01-25  2021-01-29       -3.88     -4.11    11      7.32     4     -3.29     -9.29     60.86     49.50   3   3.00   3.50      25       1
2020-12-30  2021-01-29  2021-02-01  2021-02-05        3.36      3.34     1      3.34     1      0.00      0.00     64.22     52.84  10   1.25   2.75       8       1
2021-01-06  2021-02-05  2021-02-08  2021-02-12        0.00      0.00     0      0.00     0      0.00      0.00     64.22     52.84  20   1.50   2.50       1       1
2021-01-13  2021-02-12  2021-02-15  2021-02-19        0.00      0.00     0      0.00     0      0.00      0.00     64.22     52.84  19   1.75   3.00       8       4
2021-01-20  2021-02-19  2021-02-22  2021-02-26       -1.51     -1.66     7      6.25     3     -3.95     -7.91     62.70     51.18  20   1.50   2.75       8       1
2021-01-27  2021-02-26  2021-03-01  2021-03-05       -2.80     -2.92     6      8.77     2     -5.70    -11.69     59.91     48.26  19   1.25   3.25       3       1
2021-02-03  2021-03-05  2021-03-08  2021-03-12       -1.35     -1.39     2      0.00     0     -1.25     -1.39     58.56     46.86  23   1.50   2.75      20       1
2021-02-10  2021-03-12  2021-03-15  2021-03-19        0.04      0.02     1      0.02     1      0.00      0.00     58.59     46.88   4   3.00   3.25      25       2
2021-02-17  2021-03-19  2021-03-22  2021-03-26       -5.83     -5.86     1      0.00     0     -5.86     -5.86     52.76     41.03   5   3.25   2.25      14       1
2021-02-24  2021-03-26  2021-03-29  2021-04-02        0.00      0.00     0      0.00     0      0.00      0.00     52.76     41.03  24   1.75   2.75      27       3
2021-03-03  2021-04-02  2021-04-05  2021-04-09        0.00      0.00     0      0.00     0      0.00      0.00     52.76     41.03  11   3.50   2.00      33       1
2021-03-10  2021-04-09  2021-04-12  2021-04-16        0.00      0.00     0      0.00     0      0.00      0.00     52.76     41.03   3   3.25   3.25      53       2
2021-03-17  2021-04-16  2021-04-19  2021-04-23       -0.34     -0.42     4      1.51     3     -1.93     -1.93     52.42     40.61   3   3.50   3.50      24       1
2021-03-24  2021-04-23  2021-04-26  2021-04-30       -3.18     -3.21     1      0.00     0     -3.21     -3.21     49.24     37.40   5   3.25   3.00      18       4
2021-03-31  2021-04-30  2021-05-03  2021-05-07        4.34      4.21     6      4.81     3     -0.47     -0.49     53.58     41.61   6   2.25   2.00      11       1
2021-04-07  2021-05-07  2021-05-10  2021-05-14       -0.96     -1.05     4      1.89     3     -2.94     -2.94     52.61     40.56  15   1.25   3.50       6       1
2021-04-14  2021-05-14  2021-05-17  2021-05-21        1.88      1.83     2      1.84     1     -0.01     -0.01     54.49     42.39  12   2.00   3.50      30       1
2021-04-21  2021-05-21  2021-05-24  2021-05-28        0.00      0.00     0      0.00     0      0.00      0.00     54.49     42.39   7   3.25   3.25      29       6
2021-04-28  2021-05-28  2021-05-31  2021-06-04       -0.80     -0.82     1      0.00     0     -0.82     -0.82     53.69     41.56  15   1.75   2.50      32       1
2021-05-05  2021-06-04  2021-06-07  2021-06-11        0.00      0.00     0      0.00     0      0.00      0.00     53.69     41.56  14   1.75   2.50      18       2
2021-05-12  2021-06-11  2021-06-14  2021-06-18       -6.06     -6.13     3      0.00     0     -2.72     -6.13     47.63     35.44  14   3.00   3.00      16       1
2021-05-19  2021-06-18  2021-06-21  2021-06-25        1.39      1.37     1      1.37     1      0.00      0.00     49.02     36.81  19   3.00   2.75       7       1
2021-05-26  2021-06-25  2021-06-28  2021-07-02        0.00      0.00     0      0.00     0      0.00      0.00     49.02     36.81  18   3.25   3.50      19       1
2021-06-02  2021-07-02  2021-07-05  2021-07-09       -3.76     -3.85     4      0.65     1     -2.36     -4.50     45.26     32.96   5   2.50   2.50      21       3
2021-06-09  2021-07-09  2021-07-12  2021-07-16        0.00      0.00     0      0.00     0      0.00      0.00     45.26     32.96  18   3.25   3.50      24       1
2021-06-16  2021-07-16  2021-07-19  2021-07-23        1.63      1.61     1      1.61     1      0.00      0.00     46.89     34.57   7   2.50   3.25      20       2
2021-06-23  2021-07-23  2021-07-26  2021-07-30       -1.40     -1.47     3      0.00     0     -0.67     -1.47     45.49     33.10   5   1.75   3.50       1       1
2021-06-30  2021-07-30  2021-08-02  2021-08-06        2.97      2.95     1      2.95     1      0.00      0.00     48.46     36.05   5   2.25   3.25       5       1
2021-07-07  2021-08-06  2021-08-09  2021-08-13        0.00      0.00     0      0.00     0      0.00      0.00     48.46     36.05  13   1.75   3.25       2       2
2021-07-14  2021-08-13  2021-08-16  2021-08-20       -4.51     -4.69     8      2.35     3     -2.65     -6.06     43.95     31.37   5   2.75   3.25       3       4
2021-07-21  2021-08-20  2021-08-23  2021-08-27       -0.05     -0.10     2      0.98     1     -1.08     -1.08     43.90     31.27   6   2.50   3.50       5       3
2021-07-28  2021-08-27  2021-08-30  2021-09-03        0.00      0.00     0      0.00     0      0.00      0.00     43.90     31.27   6   2.75   3.50       8       2
2021-08-04  2021-09-03  2021-09-06  2021-09-10        4.91      4.81     4      4.81     4      0.00      0.00     48.80     36.08   3   3.50   2.75       9       1
2021-08-11  2021-09-10  2021-09-13  2021-09-17       -4.70     -4.84     6      2.14     3     -3.52     -6.53     44.10     31.24   4   2.50   3.50      15       2
2021-08-18  2021-09-17  2021-09-20  2021-09-24       -5.45     -5.68    10      2.36     4     -2.03     -6.18     38.65     25.56   6   2.00   3.00      25       1
2021-08-25  2021-09-24  2021-09-27  2021-10-01       -0.24     -0.51    12      9.35     6     -2.22     -6.28     38.41     25.05   8   2.25   1.75       1       2
2021-09-01  2021-10-01  2021-10-04  2021-10-08       -1.48     -1.57     4      1.45     2     -2.59     -2.59     36.93     23.48  24   1.75   2.25      17       2
2021-09-08  2021-10-08  2021-10-11  2021-10-15        0.00      0.00     0      0.00     0      0.00      0.00     36.93     23.48   5   3.50   2.50       6       1
2021-09-15  2021-10-15  2021-10-18  2021-10-22        0.00      0.00     0      0.00     0      0.00      0.00     36.93     23.48   8   2.50   3.50       7       2
2021-09-22  2021-10-22  2021-10-25  2021-10-29        0.00      0.00     0      0.00     0      0.00      0.00     36.93     23.48  17   3.25   2.25       5       2
2021-09-29  2021-10-29  2021-11-01  2021-11-05        0.00      0.00     0      0.00     0      0.00      0.00     36.93     23.48  17   3.50   2.50       6       6
2021-10-06  2021-11-05  2021-11-08  2021-11-12       -4.30     -4.39     4      1.17     1     -3.10     -5.56     32.63     19.09  11   1.75   3.50       4       1
2021-10-13  2021-11-12  2021-11-15  2021-11-19        0.72      0.70     1      0.70     1      0.00      0.00     33.35     19.79  22   2.00   3.00       6      15
2021-10-20  2021-11-19  2021-11-22  2021-11-26       -5.87     -5.96     4      1.64     2     -4.88     -7.60     27.48     13.82  22   2.00   3.00      13      13
2021-10-27  2021-11-26  2021-11-29  2021-12-03       15.48     15.37     5     15.96     4     -0.59     -0.59     42.96     29.19  24   2.75   2.25       3       1
2021-11-03  2021-12-03  2021-12-06  2021-12-10        1.32      1.30     1      1.30     1      0.00      0.00     44.28     30.49  13   2.25   2.25       6       1
2021-11-10  2021-12-10  2021-12-13  2021-12-17        1.42      1.33     4      4.81     2     -2.57     -2.57     45.70     31.82  10   3.00   2.25       4       3
2021-11-17  2021-12-17  2021-12-20  2021-12-24        0.00      0.00     0      0.00     0      0.00      0.00     45.70     31.82  12   2.25   2.00      24       1
2021-11-24  2021-12-24  2021-12-27  2021-12-31        0.00      0.00     0      0.00     0      0.00      0.00     45.70     31.82  12   2.00   1.75      10       4
2021-12-01  2021-12-31  2022-01-03  2022-01-07       -0.21     -0.31     4      3.82     1     -2.26     -4.12     45.49     31.51  12   2.00   2.00      34       5
2021-12-08  2022-01-07  2022-01-10  2022-01-14       11.98     11.89     4     11.89     4      0.00      0.00     57.47     43.40  13   2.00   2.75       7       2
2021-12-15  2022-01-14  2022-01-17  2022-01-21        0.45      0.31     6     13.13     3     -5.78     -9.03     57.92     43.71  12   2.25   2.25      19       3
2021-12-22  2022-01-21  2022-01-24  2022-01-28        3.90      3.52    16     30.27     8     -5.37     -6.60     61.82     47.23  10   2.75   2.50       1       2
2021-12-29  2022-01-28  2022-01-31  2022-02-04        5.12      5.10     1      5.10     1      0.00      0.00     66.94     52.33  15   1.50   1.50      27       1
2022-01-05  2022-02-04  2022-02-07  2022-02-11        0.00      0.00     0      0.00     0      0.00      0.00     66.94     52.33  10   2.00   3.00      23       2
2022-01-12  2022-02-11  2022-02-14  2022-02-18        0.00      0.00     0      0.00     0      0.00      0.00     66.94     52.33  11   2.75   2.75      28       2
2022-01-19  2022-02-18  2022-02-21  2022-02-25        0.87      0.83     2      5.04     1     -4.21     -4.21     67.81     53.15  10   2.00   3.00      23       1
2022-01-26  2022-02-25  2022-02-28  2022-03-04        4.75      4.71     2      4.71     2      0.00      0.00     72.56     57.86   9   1.75   2.50      44       1
2022-02-02  2022-03-04  2022-03-07  2022-03-11        4.48      4.44     2      4.86     1     -0.42     -0.42     77.05     62.30   5   3.00   3.50       4      10
2022-02-09  2022-03-11  2022-03-14  2022-03-18       15.96     15.87     4     15.87     4      0.00      0.00     93.00     78.17  10   1.50   3.25      14       1
2022-02-16  2022-03-18  2022-03-21  2022-03-25        0.00      0.00     0      0.00     0      0.00      0.00     93.00     78.17   7   2.75   2.75      45       4
2022-02-23  2022-03-25  2022-03-28  2022-04-01        0.00      0.00     0      0.00     0      0.00      0.00     93.00     78.17  11   2.25   2.75       9       1
2022-03-02  2022-04-01  2022-04-04  2022-04-08       -2.01     -2.03     1      0.00     0     -2.03     -2.03     90.99     76.14  11   2.25   3.25      15       4
2022-03-09  2022-04-08  2022-04-11  2022-04-15        0.00      0.00     0      0.00     0      0.00      0.00     90.99     76.14  16   2.75   2.75      35       2
2022-03-16  2022-04-15  2022-04-18  2022-04-22        3.37      3.35     1      3.35     1      0.00      0.00     94.37     79.49  13   2.75   3.25      39       8
2022-03-23  2022-04-22  2022-04-25  2022-04-29        9.35      9.28     3     11.45     2     -2.17     -2.17    103.72     88.77  16   2.00   2.75      31       9
2022-03-30  2022-04-29  2022-05-02  2022-05-06       -1.09     -1.17     4      7.69     2     -6.60     -6.60    102.63     87.60  24   3.50   1.75       3       1
2022-04-06  2022-05-06  2022-05-09  2022-05-13       -6.87     -7.00     6      8.66     2     -5.77    -14.43     95.76     80.59  24   2.50   1.50       1       5
2022-04-13  2022-05-13  2022-05-16  2022-05-20        0.70      0.68     1      0.68     1      0.00      0.00     96.46     81.27  13   2.50   2.75      30      17
2022-04-20  2022-05-20  2022-05-23  2022-05-27        0.00      0.00     0      0.00     0      0.00      0.00     96.46     81.27  13   2.50   2.75      35      26
2022-04-27  2022-05-27  2022-05-30  2022-06-03        0.00      0.00     0      0.00     0      0.00      0.00     96.46     81.27  13   2.50   2.75      35      24
2022-05-04  2022-06-03  2022-06-06  2022-06-10        0.00      0.00     0      0.00     0      0.00      0.00     96.46     81.27  13   2.50   2.75      27       4
2022-05-11  2022-06-10  2022-06-13  2022-06-17        0.00      0.00     0      0.00     0      0.00      0.00     96.46     81.27  23   2.75   2.25       2       1
2022-05-18  2022-06-17  2022-06-20  2022-06-24        3.43      3.38     2      3.38     2      0.00      0.00     99.89     84.65  21   2.00   2.75       2       8
2022-05-25  2022-06-24  2022-06-27  2022-07-01        0.00      0.00     0      0.00     0      0.00      0.00     99.89     84.65  13   2.50   3.50       2      16
2022-06-01  2022-07-01  2022-07-04  2022-07-08        0.00      0.00     0      0.00     0      0.00      0.00     99.89     84.65  21   2.00   3.00       8       7
2022-06-08  2022-07-08  2022-07-11  2022-07-15       -1.14     -1.16     1      0.00     0     -1.16     -1.16     98.75     83.49  23   2.00   1.50       2       1
2022-06-15  2022-07-15  2022-07-18  2022-07-22        0.00      0.00     0      0.00     0      0.00      0.00     98.75     83.49  19   2.25   2.00       2       4
2022-06-22  2022-07-22  2022-07-25  2022-07-29        2.94      2.90     2      2.90     2      0.00      0.00    101.69     86.39  16   2.75   2.50       7       4
2022-06-29  2022-07-29  2022-08-01  2022-08-05       -2.04     -2.08     2      1.03     1     -3.11     -3.11     99.65     84.31   8   3.00   2.00      12       3
2022-07-06  2022-08-05  2022-08-08  2022-08-12        1.21      1.19     1      1.19     1      0.00      0.00    100.86     85.50   9   3.25   2.25       3       2
2022-07-13  2022-08-12  2022-08-15  2022-08-19       -1.41     -1.43     1      0.00     0     -1.43     -1.43     99.45     84.07   8   2.50   2.25       6       1
2022-07-20  2022-08-19  2022-08-22  2022-08-26        6.97      6.95     1      6.95     1      0.00      0.00    106.42     91.02  12   3.25   2.25      11       1
2022-07-27  2022-08-26  2022-08-29  2022-09-02        7.89      7.85     2      7.85     2      0.00      0.00    114.31     98.86  13   3.25   2.25       6       1
2022-08-03  2022-09-02  2022-09-05  2022-09-09       -3.65     -3.70     2      0.00     0     -2.68     -3.70    110.66     95.17   3   3.50   3.25       7       2
2022-08-10  2022-09-09  2022-09-12  2022-09-16        0.45      0.41     2      1.07     1     -0.66     -0.66    111.11     95.57  10   2.50   2.25      33       1
2022-08-17  2022-09-16  2022-09-19  2022-09-23       -7.20     -7.24     2      0.66     1     -7.90     -7.90    103.91     88.33  17   2.00   2.50       5       2
2022-08-24  2022-09-23  2022-09-26  2022-09-30       -1.68     -1.70     1      0.00     0     -1.70     -1.70    102.23     86.63  18   2.75   3.00      52       3
2022-08-31  2022-09-30  2022-10-03  2022-10-07        0.82      0.80     1      0.80     1      0.00      0.00    103.05     87.43  12   2.75   3.50      21       4
2022-09-07  2022-10-07  2022-10-10  2022-10-14        9.78      9.73     2      9.73     2      0.00      0.00    112.82     97.16  18   2.75   3.25      21       2
2022-09-14  2022-10-14  2022-10-17  2022-10-21       -1.71     -1.73     1      0.00     0     -1.73     -1.73    111.11     95.43   6   3.00   2.75     110       6
2022-09-21  2022-10-21  2022-10-24  2022-10-28        0.00      0.00     0      0.00     0      0.00      0.00    111.11     95.43  12   2.50   3.00      18       1
2022-09-28  2022-10-28  2022-10-31  2022-11-04        0.94      0.86     4      5.29     2     -3.35     -4.43    112.05     96.29  10   2.50   1.75       5       1
2022-10-05  2022-11-04  2022-11-07  2022-11-11        0.00      0.00     0      0.00     0      0.00      0.00    112.05     96.29  18   2.25   3.50       6       3
2022-10-12  2022-11-11  2022-11-14  2022-11-18        0.00      0.00     0      0.00     0      0.00      0.00    112.05     96.29  18   2.25   3.50       4       1
2022-10-19  2022-11-18  2022-11-21  2022-11-25        0.00      0.00     0      0.00     0      0.00      0.00    112.05     96.29  20   2.25   3.50       3       3
2022-10-26  2022-11-25  2022-11-28  2022-12-02        5.85      5.83     1      5.83     1      0.00      0.00    117.90    102.12  19   2.25   3.50      40       2
2022-11-02  2022-12-02  2022-12-05  2022-12-09        0.00      0.00     0      0.00     0      0.00      0.00    117.90    102.12  17   2.00   3.25       9       1
2022-11-09  2022-12-09  2022-12-12  2022-12-16       -0.96     -1.05     4      0.86     1     -1.10     -1.60    116.94    101.07  19   1.75   3.00       8      15
2022-11-16  2022-12-16  2022-12-19  2022-12-23       -0.24     -0.30     3      1.02     2     -1.32     -1.32    116.70    100.77  14   2.00   3.25      14       6
2022-11-23  2022-12-23  2022-12-26  2022-12-30        0.00      0.00     0      0.00     0      0.00      0.00    116.70    100.77  13   2.00   3.50      23       2
2022-11-30  2022-12-30  2023-01-02  2023-01-06        4.60      4.58     1      4.58     1      0.00      0.00    121.30    105.35  13   2.00   3.50      25       2
2022-12-07  2023-01-06  2023-01-09  2023-01-13        0.66      0.64     1      0.64     1      0.00      0.00    121.96    105.99  13   2.25   3.25      30       2
2022-12-14  2023-01-13  2023-01-16  2023-01-20        0.00      0.00     0      0.00     0      0.00      0.00    121.96    105.99  13   2.25   3.25      28       4
2022-12-21  2023-01-20  2023-01-23  2023-01-27        0.00      0.00     0      0.00     0      0.00      0.00    121.96    105.99  11   2.25   2.25      16       1
2022-12-28  2023-01-27  2023-01-30  2023-02-03       -2.25     -2.38     6      2.48     3     -2.03     -4.86    119.71    103.61  15   2.25   2.00      18       1
2023-01-04  2023-02-03  2023-02-06  2023-02-10        0.56      0.52     2      4.17     1     -3.66     -3.66    120.27    104.13  14   2.75   2.50       4       5
2023-01-11  2023-02-10  2023-02-13  2023-02-17       -2.75     -2.77     1      0.00     0     -2.77     -2.77    117.52    101.35   8   3.00   3.50      53       7
2023-01-18  2023-02-17  2023-02-20  2023-02-24        0.00      0.00     0      0.00     0      0.00      0.00    117.52    101.35   9   3.50   3.25      30       2
2023-01-25  2023-02-24  2023-02-27  2023-03-03        0.00      0.00     0      0.00     0      0.00      0.00    117.52    101.35   9   3.50   3.25      25       2
2023-02-01  2023-03-03  2023-03-06  2023-03-10        2.71      2.69     1      2.69     1      0.00      0.00    120.23    104.04   7   3.50   3.50      36       3
2023-02-08  2023-03-10  2023-03-13  2023-03-17        5.72      5.66     3      5.66     3      0.00      0.00    125.95    109.70  14   2.25   2.25      28       3
2023-02-15  2023-03-17  2023-03-20  2023-03-24       -3.10     -3.12     1      0.00     0     -3.12     -3.12    122.85    106.58  15   2.00   2.50       8       4
2023-02-22  2023-03-24  2023-03-27  2023-03-31        0.00      0.00     0      0.00     0      0.00      0.00    122.85    106.58   6   2.25   3.50       4       1
2023-03-01  2023-03-31  2023-04-03  2023-04-07        0.00      0.00     0      0.00     0      0.00      0.00    122.85    106.58   6   2.50   3.50      18       1
2023-03-08  2023-04-07  2023-04-10  2023-04-14        0.00      0.00     0      0.00     0      0.00      0.00    122.85    106.58   6   2.50   3.50      13       2
2023-03-15  2023-04-14  2023-04-17  2023-04-21        0.03      0.01     1      0.01     1      0.00      0.00    122.88    106.59   7   2.00   3.50       8       1
2023-03-22  2023-04-21  2023-04-24  2023-04-28        1.76      1.72     2      1.72     2      0.00      0.00    124.65    108.31   7   2.50   2.75       9      19
2023-03-29  2023-04-28  2023-05-01  2023-05-05       -0.30     -0.36     3      0.56     1     -0.75     -0.75    124.35    107.95  14   2.25   2.25       5       3
2023-04-05  2023-05-05  2023-05-08  2023-05-12        0.87      0.84     1      0.84     1      0.00      0.00    125.22    108.80  24   1.75   3.50      11       1
2023-04-12  2023-05-12  2023-05-15  2023-05-19        2.46      2.42     2      2.42     2      0.00      0.00    127.68    111.21  24   1.75   2.50      22       1
2023-04-19  2023-05-19  2023-05-22  2023-05-26        2.49      2.47     1      2.47     1      0.00      0.00    130.17    113.68  24   1.75   3.50       8       1
2023-04-26  2023-05-26  2023-05-29  2023-06-02        6.05      5.99     3      6.17     2     -0.18     -0.18    136.22    119.67   5   1.75   2.75      23       2
2023-05-03  2023-06-02  2023-06-05  2023-06-09       -0.15     -0.18     1      0.00     0     -0.18     -0.18    136.06    119.49   8   2.75   3.00       7       3
2023-05-10  2023-06-09  2023-06-12  2023-06-16       -2.37     -2.42     2      0.00     0     -1.85     -2.42    133.69    117.07   5   2.50   3.00       5       6
2023-05-17  2023-06-16  2023-06-19  2023-06-23        0.00      0.00     0      0.00     0      0.00      0.00    133.69    117.07  13   2.75   3.00      30      16
2023-05-24  2023-06-23  2023-06-26  2023-06-30        0.00      0.00     0      0.00     0      0.00      0.00    133.69    117.07  13   2.75   3.25      18      17
2023-05-31  2023-06-30  2023-07-03  2023-07-07        0.00      0.00     0      0.00     0      0.00      0.00    133.69    117.07  13   3.00   3.25      25      18
2023-06-07  2023-07-07  2023-07-10  2023-07-14        0.00      0.00     0      0.00     0      0.00      0.00    133.69    117.07  13   3.00   3.25      13       3
2023-06-14  2023-07-14  2023-07-17  2023-07-21        0.00      0.00     0      0.00     0      0.00      0.00    133.69    117.07  13   3.25   3.50      18      10
2023-06-21  2023-07-21  2023-07-24  2023-07-28        2.81      2.76     2      3.94     1     -1.17     -1.17    136.50    119.84  14   1.75   3.25       4       1
2023-06-28  2023-07-28  2023-07-31  2023-08-04       -0.19     -0.29     4      2.99     1     -1.33     -3.27    136.30    119.55   5   3.00   3.25      20       6
2023-07-05  2023-08-04  2023-08-07  2023-08-11       -1.06     -1.08     1      0.00     0     -1.08     -1.08    135.24    118.47  10   2.50   3.25      53       2
2023-07-12  2023-08-11  2023-08-14  2023-08-18       -0.03     -0.05     1      0.00     0     -0.05     -0.05    135.21    118.42  10   2.25   3.00      24       5
2023-07-19  2023-08-18  2023-08-21  2023-08-25        6.85      6.76     4      8.12     3     -1.36     -1.36    142.07    125.18  10   2.00   3.00      23       1
2023-07-26  2023-08-25  2023-08-28  2023-09-01       -1.38     -1.40     1      0.00     0     -1.40     -1.40    140.69    123.77   5   3.50   3.25      25       2
2023-08-02  2023-09-01  2023-09-04  2023-09-08        0.00      0.00     0      0.00     0      0.00      0.00    140.69    123.77   9   3.00   3.00       6       2
2023-08-09  2023-09-08  2023-09-11  2023-09-15        0.00      0.00     0      0.00     0      0.00      0.00    140.69    123.77   9   3.00   3.25      21       1
2023-08-16  2023-09-15  2023-09-18  2023-09-22       -2.50     -2.53     1      0.00     0     -2.53     -2.53    138.18    121.25   9   2.25   3.50       8       1
2023-08-23  2023-09-22  2023-09-25  2023-09-29       -0.46     -0.50     2      0.00     0     -0.26     -0.50    137.73    120.75   9   2.75   3.50      18       4
2023-08-30  2023-09-29  2023-10-02  2023-10-06        6.13      6.07     3      7.16     2     -1.09     -1.09    143.86    126.82  11   2.75   3.25       6       1
2023-09-06  2023-10-06  2023-10-09  2023-10-13        1.75      1.70     2      1.70     2      0.00      0.00    145.61    128.52   3   3.25   3.50       9       2
2023-09-13  2023-10-13  2023-10-16  2023-10-20      -17.18    -17.49    14      4.16     4     -3.54    -17.49    128.43    111.03   4   2.00   2.75      16       1
2023-09-20  2023-10-20  2023-10-23  2023-10-27       -3.71     -3.73     1      0.00     0     -3.73     -3.73    124.72    107.30   3   3.00   3.50      21       1
2023-09-27  2023-10-27  2023-10-30  2023-11-03        0.00      0.00     0      0.00     0      0.00      0.00    124.72    107.30   7   3.50   3.25      12       2
2023-10-04  2023-11-03  2023-11-06  2023-11-10        0.00      0.00     0      0.00     0      0.00      0.00    124.72    107.30   8   3.50   2.50      19       2
2023-10-11  2023-11-10  2023-11-13  2023-11-17        0.00      0.00     0      0.00     0      0.00      0.00    124.72    107.30   9   2.75   2.50      22       4
2023-10-18  2023-11-17  2023-11-20  2023-11-24        0.00      0.00     0      0.00     0      0.00      0.00    124.72    107.30   9   3.00   2.75      21       3
2023-10-25  2023-11-24  2023-11-27  2023-12-01        0.00      0.00     0      0.00     0      0.00      0.00    124.72    107.30  22   2.25   2.50      14       6
2023-11-01  2023-12-01  2023-12-04  2023-12-08       -0.13     -0.24     5      1.30     3     -1.41     -1.41    124.59    107.05  12   1.75   2.50      18       1
2023-11-08  2023-12-08  2023-12-11  2023-12-15        1.81      1.69     5      3.78     3     -2.01     -2.09    126.40    108.75  13   1.75   1.50      13       1
2023-11-15  2023-12-15  2023-12-18  2023-12-22        0.42      0.40     1      0.40     1      0.00      0.00    126.82    109.14  18   2.25   3.00       4       7
2023-11-22  2023-12-22  2023-12-25  2023-12-29        0.00      0.00     0      0.00     0      0.00      0.00    126.82    109.14  10   2.00   2.75       3       2
2023-11-29  2023-12-29  2024-01-01  2024-01-05       -1.62     -1.64     1      0.00     0     -1.64     -1.64    125.20    107.50   9   2.25   3.25      20       3
2023-12-06  2024-01-05  2024-01-08  2024-01-12       -2.29     -2.36     3      0.11     1     -2.32     -2.47    122.91    105.14  12   2.00   1.25      13       4
2023-12-13  2024-01-12  2024-01-15  2024-01-19        1.11      1.04     3      3.02     2     -1.98     -1.98    124.02    106.18  23   1.50   2.50      11       1
2023-12-20  2024-01-19  2024-01-22  2024-01-26        0.00      0.00     0      0.00     0      0.00      0.00    124.02    106.18  24   1.75   2.50      13       1
2023-12-27  2024-01-26  2024-01-29  2024-02-02        7.20      7.08     5      9.19     3     -1.66     -1.66    131.22    113.26  15   1.50   1.50      13       1
2024-01-03  2024-02-02  2024-02-05  2024-02-09       -2.20     -2.22     1      0.00     0     -2.22     -2.22    129.02    111.04   6   3.50   2.75       9       2
2024-01-10  2024-02-09  2024-02-12  2024-02-16       -1.81     -1.88     3      1.05     2     -2.93     -2.93    127.21    109.15   5   3.00   3.50       3       3
2024-01-17  2024-02-16  2024-02-19  2024-02-23        0.74      0.72     1      0.72     1      0.00      0.00    127.95    109.87   7   2.75   3.50       2       7
2024-01-24  2024-02-23  2024-02-26  2024-03-01        0.00      0.00     0      0.00     0      0.00      0.00    127.95    109.87   7   2.75   3.25       5       8
2024-01-31  2024-03-01  2024-03-04  2024-03-08        1.81      1.74     3      2.67     1     -0.46     -0.46    129.76    111.61   7   2.00   3.00       3       1
2024-02-07  2024-03-08  2024-03-11  2024-03-15        0.11      0.06     2      2.00     1     -1.93     -1.93    129.87    111.67  13   3.00   3.00       7       1
2024-02-14  2024-03-15  2024-03-18  2024-03-22        0.64      0.61     1      0.61     1      0.00      0.00    130.50    112.28  18   2.75   2.50      14       4
2024-02-21  2024-03-22  2024-03-25  2024-03-29        0.00      0.00     0      0.00     0      0.00      0.00    130.50    112.28  18   3.00   2.50      13       2
2024-02-28  2024-03-29  2024-04-01  2024-04-05        3.85      3.83     1      3.83     1      0.00      0.00    134.35    116.11  18   3.00   2.50       7       2
2024-03-06  2024-04-05  2024-04-08  2024-04-12       -6.42     -6.50     3      2.03     1     -6.07     -8.52    127.93    109.61  17   2.75   2.25       5       7
2024-03-13  2024-04-12  2024-04-15  2024-04-19       -3.34     -3.56     9      7.90     2     -4.23    -10.85    124.59    106.05  22   1.25   1.75       2       1
2024-03-20  2024-04-19  2024-04-22  2024-04-26        6.98      6.86     5      7.05     4     -0.19     -0.19    131.57    112.91  18   0.75   2.25      25       1
2024-03-27  2024-04-26  2024-04-29  2024-05-03       -6.39     -6.41     1      0.00     0     -6.41     -6.41    125.18    106.49  21   2.25   2.75      20       8
2024-04-03  2024-05-03  2024-05-06  2024-05-10        0.00      0.00     0      0.00     0      0.00      0.00    125.18    106.49  20   3.00   2.75      28      20
2024-04-10  2024-05-10  2024-05-13  2024-05-17        0.00      0.00     0      0.00     0      0.00      0.00    125.18    106.49  18   3.25   2.00      22      20
2024-04-17  2024-05-17  2024-05-20  2024-05-24        1.26      1.24     1      1.24     1      0.00      0.00    126.44    107.73   8   3.50   2.75       3       2
2024-04-24  2024-05-24  2024-05-27  2024-05-31       -4.74     -4.76     1      0.00     0     -4.76     -4.76    121.70    102.96   7   3.50   3.25      38       1
2024-05-01  2024-05-31  2024-06-03  2024-06-07        4.54      4.46     3      4.71     2     -0.24     -0.24    126.24    107.42  12   1.75   3.50      37       1
2024-05-08  2024-06-07  2024-06-10  2024-06-14       -0.86     -0.91     2      0.00     0     -0.76     -0.91    125.37    106.51   5   2.75   3.50       2       4
2024-05-15  2024-06-14  2024-06-17  2024-06-21       -1.48     -1.54     2      0.00     0     -1.49     -1.54    123.89    104.98   6   2.75   3.25      15       1
2024-05-22  2024-06-21  2024-06-24  2024-06-28        0.26      0.13     5      4.07     3     -2.17     -3.00    124.14    105.11  13   1.75   1.75      12       6
2024-05-29  2024-06-28  2024-07-01  2024-07-05        0.00      0.00     0      0.00     0      0.00      0.00    124.14    105.11  12   2.00   2.25       2       1
2024-06-05  2024-07-05  2024-07-08  2024-07-12        3.61      3.56     2      3.56     2      0.00      0.00    127.75    108.66  12   2.25   2.50       9       1
2024-06-12  2024-07-12  2024-07-15  2024-07-19        2.62      2.55     3      5.33     1     -2.71     -2.79    130.38    111.21  11   2.50   2.75       3       1
2024-06-19  2024-07-19  2024-07-22  2024-07-26       -1.99     -2.22     9     11.06     4     -3.14     -7.32    128.38    108.99  11   2.00   2.25      15       2
2024-06-26  2024-07-26  2024-07-29  2024-08-02       10.77     10.64     5     12.35     3     -1.07     -1.71    139.15    119.63   7   3.50   2.75       2       3
2024-07-03  2024-08-02  2024-08-05  2024-08-09       13.64     13.43     8     18.89     4     -3.55     -5.21    152.79    133.06  10   2.50   1.75       9       1
2024-07-10  2024-08-09  2024-08-12  2024-08-16        4.16      4.04     5      6.35     4     -2.32     -2.32    156.95    137.10  15   0.50   3.00       7       3
2024-07-17  2024-08-16  2024-08-19  2024-08-23       -2.71     -2.84     5      3.34     2     -4.17     -5.28    154.24    134.26  15   0.50   3.00       3       2
2024-07-24  2024-08-23  2024-08-26  2024-08-30       -0.68     -0.73     2      0.29     1     -1.03     -1.03    153.56    133.53  24   1.75   1.50       8       1
2024-07-31  2024-08-30  2024-09-02  2024-09-06       14.63     14.56     3     14.56     3      0.00      0.00    168.20    148.09   7   3.25   2.25       8       2
2024-08-07  2024-09-06  2024-09-09  2024-09-13        1.16      1.06     4      9.45     2     -5.07     -8.39    169.36    149.14   8   2.50   2.25      13       1
2024-08-14  2024-09-13  2024-09-16  2024-09-20        0.00      0.00     0      0.00     0      0.00      0.00    169.36    149.14  11   2.50   3.50      14       1
2024-08-21  2024-09-20  2024-09-23  2024-09-27        0.00      0.00     0      0.00     0      0.00      0.00    169.36    149.14  20   2.25   3.50      20       2
2024-08-28  2024-09-27  2024-09-30  2024-10-04       -0.12     -0.15     1      0.00     0     -0.15     -0.15    169.23    148.99  10   2.25   2.75      25       2
2024-09-04  2024-10-04  2024-10-07  2024-10-11        0.00      0.00     0      0.00     0      0.00      0.00    169.23    148.99   9   2.75   3.50      21       1
2024-09-11  2024-10-11  2024-10-14  2024-10-18        1.77      1.74     1      1.74     1      0.00      0.00    171.00    150.74   6   3.25   3.50      26       2
2024-09-18  2024-10-18  2024-10-21  2024-10-25        0.00      0.00     0      0.00     0      0.00      0.00    171.00    150.74  12   2.75   3.50       6       1
2024-09-25  2024-10-25  2024-10-28  2024-11-01        0.69      0.66     1      0.66     1      0.00      0.00    171.69    151.40   4   3.50   3.25       7       1
2024-10-02  2024-11-01  2024-11-04  2024-11-08       -5.11     -5.27     6      2.50     2     -4.00     -6.85    166.58    146.13  21   0.50   2.00       1       1
2024-10-09  2024-11-08  2024-11-11  2024-11-15       -3.14     -3.27     5      1.37     3     -3.32     -3.85    163.43    142.85   6   1.50   2.50       6       1
2024-10-16  2024-11-15  2024-11-18  2024-11-22        3.42      3.23     7      7.64     3     -1.60     -2.66    166.85    146.08   3   3.00   2.75       3       1
2024-10-23  2024-11-22  2024-11-25  2024-11-29        0.00      0.00     0      0.00     0      0.00      0.00    166.85    146.08   7   3.50   3.50       4       1
2024-10-30  2024-11-29  2024-12-02  2024-12-06        0.00      0.00     0      0.00     0      0.00      0.00    166.85    146.08   3   3.50   3.50       8       1
2024-11-06  2024-12-06  2024-12-09  2024-12-13        0.00      0.00     0      0.00     0      0.00      0.00    166.85    146.08  10   2.25   2.50      11       6
2024-11-13  2024-12-13  2024-12-16  2024-12-20       23.86     23.76     4     23.76     4      0.00      0.00    190.72    169.84  12   2.50   2.00      34       8
2024-11-20  2024-12-20  2024-12-23  2024-12-27       -1.60     -1.68     3      2.59     2     -4.27     -4.27    189.12    168.16  10   1.50   1.75      26       2
2024-11-27  2024-12-27  2024-12-30  2025-01-03       -6.61     -6.77     6      5.09     2     -5.27     -6.77    182.50    161.39   4   3.50   2.00       6      19
2024-12-04  2025-01-03  2025-01-06  2025-01-10        1.89      1.72     6      6.38     3     -2.39     -3.35    184.39    163.11  10   1.75   1.50      11       1
2024-12-11  2025-01-10  2025-01-13  2025-01-17       -1.42     -1.56     5      2.07     2     -1.56     -3.62    182.97    161.55  19   1.00   1.50       7       1
2024-12-18  2025-01-17  2025-01-20  2025-01-24        0.00      0.00     0      0.00     0      0.00      0.00    182.97    161.55   9   1.75   2.00      19       1
2024-12-25  2025-01-24  2025-01-27  2025-01-31        6.97      6.89     3      7.99     2     -1.10     -1.10    189.93    168.44   9   1.75   2.75       4       2
2025-01-01  2025-01-31  2025-02-03  2025-02-07        6.08      6.00     3      6.00     3      0.00      0.00    196.01    174.43   9   2.25   2.25       4       1
2025-01-08  2025-02-07  2025-02-10  2025-02-14        0.00      0.00     0      0.00     0      0.00      0.00    196.01    174.43   7   2.75   2.75      20       3
2025-01-15  2025-02-14  2025-02-17  2025-02-21        0.14      0.09     2      2.55     1     -2.47     -2.47    196.15    174.52  11   3.50   2.50       6       3
2025-01-22  2025-02-21  2025-02-24  2025-02-28        6.32      5.92    15     19.53     7     -5.15     -8.35    202.48    180.44   5   2.00   2.50       2       1
2025-01-29  2025-02-28  2025-03-03  2025-03-07        3.79      3.55     9     20.49     4     -5.48     -9.17    206.27    183.99  12   2.25   1.75       4       1
2025-02-05  2025-03-07  2025-03-10  2025-03-14        0.75      0.70     2      0.70     2      0.00      0.00    207.02    184.68  17   2.00   3.25      23       9
2025-02-12  2025-03-14  2025-03-17  2025-03-21        0.00      0.00     0      0.00     0      0.00      0.00    207.02    184.68  24   2.50   2.75       9       2
2025-02-19  2025-03-21  2025-03-24  2025-03-28        0.00      0.00     0      0.00     0      0.00      0.00    207.02    184.68   6   2.25   3.00      18       4
2025-02-26  2025-03-28  2025-03-31  2025-04-04        0.35      0.19     6     12.87     3     -6.77     -9.64    207.37    184.88   6   2.25   3.25       9       4
2025-03-05  2025-04-04  2025-04-07  2025-04-11      -42.92    -43.23    12     43.24     3    -30.78    -43.23    164.45    141.65   8   3.50   3.00       9       1
2025-03-12  2025-04-11  2025-04-14  2025-04-18        0.00      0.00     0      0.00     0      0.00      0.00    164.45    141.65  15   1.50   2.50      15       2
2025-03-19  2025-04-18  2025-04-21  2025-04-25        0.00      0.00     0      0.00     0      0.00      0.00    164.45    141.65  17   2.00   2.50       5       1
2025-03-26  2025-04-25  2025-04-28  2025-05-02        0.00      0.00     0      0.00     0      0.00      0.00    164.45    141.65  13   1.75   2.25       7       6
2025-04-02  2025-05-02  2025-05-05  2025-05-09        0.00      0.00     0      0.00     0      0.00      0.00    164.45    141.65  13   1.75   2.25       4       1
2025-04-09  2025-05-09  2025-05-12  2025-05-16        0.00      0.00     0      0.00     0      0.00      0.00    164.45    141.65   9   3.00   2.75      23       5
2025-04-16  2025-05-16  2025-05-19  2025-05-23        1.26      1.23     1      1.23     1      0.00      0.00    165.71    142.88   7   3.25   3.00       8       6
2025-04-23  2025-05-23  2025-05-26  2025-05-30        0.00      0.00     0      0.00     0      0.00      0.00    165.71    142.88  24   1.75   3.25      12       2
2025-04-30  2025-05-30  2025-06-02  2025-06-06       -7.21     -7.26     2      0.00     0     -5.98     -7.26    158.50    135.62   7   3.50   3.25      12       2
2025-05-07  2025-06-06  2025-06-09  2025-06-13       -4.08     -4.13     2      0.04     1     -4.18     -4.18    154.42    131.48  16   1.50   2.75       6       1
2025-05-14  2025-06-13  2025-06-16  2025-06-20       -0.30     -0.33     1      0.00     0     -0.33     -0.33    154.12    131.16   6   3.00   3.25      20       4
2025-05-21  2025-06-20  2025-06-23  2025-06-27        2.19      2.16     1      2.16     1      0.00      0.00    156.31    133.32   7   3.25   3.25      10       2
2025-05-28  2025-06-27  2025-06-30  2025-07-04        0.00      0.00     0      0.00     0      0.00      0.00    156.31    133.32   7   3.50   3.25       5       1
2025-06-04  2025-07-04  2025-07-07  2025-07-11        0.00      0.00     0      0.00     0      0.00      0.00    156.31    133.32   7   3.50   3.25      21       1
2025-06-11  2025-07-11  2025-07-14  2025-07-18       -4.87     -4.90     1      0.00     0     -4.90     -4.90    151.44    128.42   7   3.00   3.50      12       3
2025-06-18  2025-07-18  2025-07-21  2025-07-25        0.00      0.00     0      0.00     0      0.00      0.00    151.44    128.42   5   3.50   3.50      17       1
2025-06-25  2025-07-25  2025-07-28  2025-08-01      -11.52    -11.77     9      0.84     2     -3.38    -11.84    139.92    116.65   9   1.75   3.50      13       1
2025-07-02  2025-08-01  2025-08-04  2025-08-08        1.42      1.39     1      1.39     1      0.00      0.00    141.34    118.04  24   2.50   3.25       5       2
2025-07-09  2025-08-08  2025-08-11  2025-08-15        0.00      0.00     0      0.00     0      0.00      0.00    141.34    118.04  15   1.75   2.00       9       1
2025-07-16  2025-08-15  2025-08-18  2025-08-22        4.51      4.40     4      5.63     3     -1.23     -1.23    145.85    122.44  15   1.75   1.75      11       2
2025-07-23  2025-08-22  2025-08-25  2025-08-29        0.00      0.00     0      0.00     0      0.00      0.00    145.85    122.44  23   1.75   3.00      26       2
2025-07-30  2025-08-29  2025-09-01  2025-09-05       -0.11     -0.17     2      1.59     1     -1.75     -1.75    145.74    122.28  23   1.75   3.00      11       2
2025-08-06  2025-09-05  2025-09-08  2025-09-12        0.00      0.00     0      0.00     0      0.00      0.00    145.74    122.28  14   2.25   3.00      52       3
2025-08-13  2025-09-12  2025-09-15  2025-09-19        0.00      0.00     0      0.00     0      0.00      0.00    145.74    122.28  14   2.75   3.00      29       5
2025-08-20  2025-09-19  2025-09-22  2025-09-26        0.00      0.00     0      0.00     0      0.00      0.00    145.74    122.28   8   3.50   3.00      34       2
2025-08-27  2025-09-26  2025-09-29  2025-10-03       -0.82     -0.85     1      0.00     0     -0.85     -0.85    144.92    121.43  24   1.75   2.25       5       1
2025-09-03  2025-10-03  2025-10-06  2025-10-10        8.23      7.97     9     11.84     5     -3.28     -3.28    153.15    129.40  11   0.25   1.75       7       1
2025-09-10  2025-10-10  2025-10-13  2025-10-17       -0.47     -0.79    11     12.00     6     -5.45     -9.42    152.67    128.61  11   1.00   2.75       5       1
2025-09-17  2025-10-17  2025-10-20  2025-10-24        0.00      0.00     0      0.00     0      0.00      0.00    152.67    128.61   8   3.25   2.25       5       7
2025-09-24  2025-10-24  2025-10-27  2025-10-31        0.00      0.00     0      0.00     0      0.00      0.00    152.67    128.61  11   3.25   3.25      11      16
2025-10-01  2025-10-31  2025-11-03  2025-11-07        1.83      1.78     2      1.78     2      0.00      0.00    154.51    130.39   5   3.00   2.25      10       1
2025-10-08  2025-11-07  2025-11-10  2025-11-14        0.76      0.73     1      0.73     1      0.00      0.00    155.27    131.12   6   2.00   3.50       5       1
2025-10-15  2025-11-14  2025-11-17  2025-11-21        8.85      8.67     6     18.45     4     -6.14     -6.14    164.12    139.79   6   2.25   3.50      18       1
2025-10-22  2025-11-21  2025-11-24  2025-11-28        4.42      4.39     1      4.39     1      0.00      0.00    168.54    144.18   8   1.75   2.75      10       7
2025-10-29  2025-11-28  2025-12-01  2025-12-05        0.00      0.00     0      0.00     0      0.00      0.00    168.54    144.18   8   3.25   3.00       3       2
2025-11-05  2025-12-05  2025-12-08  2025-12-12       -0.42     -0.45     1      0.00     0     -0.45     -0.45    168.12    143.73   8   3.25   3.00       7       2
2025-11-12  2025-12-12  2025-12-15  2025-12-19       -1.68     -1.71     1      0.00     0     -1.71     -1.71    166.44    142.02   3   2.75   3.25       3       1
2025-11-19  2025-12-19  2025-12-22  2025-12-26        0.00      0.00     0      0.00     0      0.00      0.00    166.44    142.02   9   2.75   3.50      17       1
2025-11-26  2025-12-26  2025-12-29  2026-01-02       -1.34     -1.39     2      0.00     0     -1.11     -1.39    165.10    140.63  14   2.00   1.75      28       2
2025-12-03  2026-01-02  2026-01-05  2026-01-09        1.51      1.46     2      1.67     1     -0.21     -0.21    166.62    142.08  20   2.00   1.25      35       1
2025-12-10  2026-01-09  2026-01-12  2026-01-16       -8.79     -8.90     4      0.47     1     -3.95     -8.90    157.83    133.18   4   1.75   3.00      35       1
2025-12-17  2026-01-16  2026-01-19  2026-01-23      -18.01    -18.10     3      0.00     0     -8.20    -18.10    139.82    115.08  11   3.25   3.50      21       4
2025-12-24  2026-01-23  2026-01-26  2026-01-30        2.05      1.90     5      8.21     3     -4.34     -6.31    141.87    116.99   4   2.50   3.25      16       2
2025-12-31  2026-01-30  2026-02-02  2026-02-06        9.23      8.96     9     13.01     7     -2.92     -4.05    151.10    125.95   4   2.25   2.75      13       1
2026-01-07  2026-02-06  2026-02-09  2026-02-13        3.82      3.76     2      6.89     1     -3.13     -3.13    154.92    129.71  12   3.00   2.75      23       3
2026-01-14  2026-02-13  2026-02-16  2026-02-20        0.92      0.83     3      2.00     1     -1.12     -1.17    155.84    130.54  24   1.25   3.25       6       2
2026-01-21  2026-02-20  2026-02-23  2026-02-27        1.63      1.57     2      1.58     1     -0.01     -0.01    157.47    132.11  20   1.25   3.50       1       2
